000000000000000000000000
000000011111111110000000
000000010000000010000000
000000010000000010000000
000000010000111110000000
000000010000100000000000
000000010000100000000000
000000010000100000000000
000000010000100000000000
000000010000100000000000
000000011111100000000000
000000000000000000000000
000000000000000000000000
000000011110000000000000
000000010010000000000000
000000010010000111000000
000000011110000101000000
000000000000000111000000
000000000000000000000000
000000000000000000000000
000000000000000000000000